.git/annex/objects/Gp/JJ/URL-s61591--https&c%%zenodo.org%api%files%6c-41ac05470a5ef9ee80354f0ab2e9a604/URL-s61591--https&c%%zenodo.org%api%files%6c-41ac05470a5ef9ee80354f0ab2e9a604